9.9955e-08	9.4764e+28	0.44191	6.5136	1.4122e+10	0.13589	11.031	0.15417
9.9955e-08	9.4764e+28	0.46401	6.5136	2.1915e+08	0.002428	12.162	0.13389
9.9955e-08	9.4764e+28	0.51041	6.5136	1.1215e+08	0.0016331	14.716	0.10187
9.9955e-08	9.4764e+28	0.61249	6.5136	2.3389e+06	5.64e-05	21.191	0.061519
9.9955e-08	9.4764e+28	0.46401	6.5136	2.1915e+08	0.002428	12.162	0.13389
9.9955e-08	9.4764e+28	0.53029	6.5136	1.0052e+08	0.0016308	15.885	0.09144
9.9955e-08	9.4764e+28	0.44191	6.1879	4.5867e+08	0.0045742	11.031	0.14875
9.9955e-08	9.4764e+28	0.44191	5.2109	1.6161e+08	0.0018367	11.031	0.13053
9.9955e-08	9.4764e+28	0.44191	3.9082	2.1595e+06	3.1352e-05	11.031	0.10218
0.55045	0.55045	0.5	4	0	0	4.2827e+14	1.3265e+28
0.55045	0.55045	0.5	4	0	0	4.2827e+14	1.3265e+28
9.9955e-08	9.4764e+28	0.46401	6.5136	21959	0.002433	20.187	0.13389
0.55045	0.55045	0.5	4	0	0	4.2827e+12	1.3265e+28
0.55045	0.55045	0.5	4	0	0	4.2827e+12	1.3265e+28
0.55045	0.55045	0.5	4	0	0	4.2827e+12	1.3265e+28
1	1	0.5	4	0	0	1.4135e+13	7.3015e+27
1	1	0.5	4	0	0	1.4135e+13	7.3015e+27
1	1	0.5	4	0	0	1.4135e+13	7.3015e+27
1	1	0.5	4	0	0	1.4135e+13	7.3015e+27
1	1	0.5	4	0	0	1.4135e+13	7.3015e+27
